# id	file_path	transparent_color_r	g	b
[TEXTURES]
0	textures\worldmap1.png	0	0	255
10	textures\marioworldmap1.png	64	128	0
20	textures\Black.png	255	255	255
140	textures\WorldMapBoard.png	0	0	255

# id	left	top	right	bottom	texture_id
[SPRITES]

# BIG
10050	31	4	47	25	10
10051	48	4	64	25	10
# SMALL
10052	1	9	15	25	10
10053	16	9	30	25	10
# FIRE
10054	65	4	81	25	10
10055	82	4	98	25	10
# RACOON
10056	99	1	116	25	10
10057	116	1	132	25	10

#BACKGROUND
10001	1	1	17	16	0

#BRUSH
10002	1	17	17	32	0
10003	18	17	34	32	0
10004	35	17	51	32	0
10005	52	17	68	32	0

#START
10006	1	33	17	48	0

#CASTLE
10007	52	1	68	16	0
10008	35	1	51	16	0

#CASTLE 2
10009	69	1	85	16	0

#1 to 6
10011	35	33	51	48	0
10012	52	33	68	48	0
10013	69	33	85	48	0
10014	86	33	102	48	0
10015	103	33	119	48	0
10016	120	33	139	48	0

#road
10020	137	0	153	15	0
10021	154	0	170	15	0
10022	154	34	170	49	0

#roc
10030	120	51	136	66	0

#help
10031	18	1	34	16	0
#bridge
10032	69	51	85	66	0
#mushroom
10033	69	17	85	32	0

#river
10040	1	51	17	66	0
10041	18	51	34	66	0
10042	35	51	51	66	0
10043	52	51	68	66	0
10044	86	51	102	66	0
10045	103	51	119	66	0

# Board
90000	0	0	332	52	140

# scene
99999	1	1	321	271	20

# ani_id	sprite1_id	time1	sprite2_id	time2	...
[ANIMATIONS]

#background
1	10001	100
#brush
2	10002	200	10003	200	10004	200	10005	200
#start
3	10006	100
#castle
4	10007	100
#castle
5	10008	100
#castle 2
6	10009	100
#number
11	10011	100
12	10012	100
13	10013	100
14	10014	100
15	10015	100
16	10016	100
#road
20	10020	100
21	10021	100
22	10022	100
#roc
30	10030	100
#help
31	10031	500	10040	500
#bridge
32	10032	100
#mushroom
33	10033	100

#river
40	10040	100
41	10041	100
42	10042	100
43	10043	100
44	10044	100
45	10045	100

#MARIO
50	10050	100	10051	100
51	10052	100	10053	100
52	10054	100	10055	100
53	10056	100	10057	100

#BOARD

900	90000	100

999	99999	100
#
# id	ani1	ani2	ani3
#
[ANIMATION_SETS]
#mario
0	51	50	52	53
#background
1	1
#brush
2	2
#start
3	3
#castle
4	4
#castle 
5	5
#castle 2
6	6
#number
11	11
12	12
13	13
14	14
15	15
16	16

#road
20	20
21	21
22	22
#roc
30	30

#help
31	31
#bridge
32	32
#mushroom
33	33
#river
40	40
41	41
42	42
43	43
44	44
45	45

# board
110	900
111	999

[OBJECTS]
# type	x	y	ani_set_id	extra_settings per object type
# type: 0 = Mario , 1 = Brick, 2 Environment

#BLACK
2	0	0	111

1	32	17	1
1	48	17	1
1	64	17	1
1	80	17	1
1	96	17	1
1	112	17	1
1	128	17	1
1	144	17	1
1	160	17	1
1	176	17	1
1	192	17	1
1	208	17	1
1	224	17	1
1	240	17	1
1	256	17	1
1	272	17	1

1	32	32	1
1	32	47	1
1	32	62	1
1	32	77	1
1	32	92	1
1	32	107	1
1	32	122	1
1	32	137	1
1	32	152	1

1	272	32	1
1	272	47	1
1	272	62	1
1	272	77	1
1	272	92	1
1	272	107	1
1	272	122	1
1	272	137	1
1	272	152	1

1	48	32	2
1	64	32	2
1	80	32	2
2	96	32	11
2	112	32	20
2	128	32	20
2	144	32	20
2	160	32	12
2	176	32	20
2	192	32	13
2	208	32	20
2	224	32	20
1	240	32	2
1	256	32	2

1	48	47	2
1	64	47	2
1	80	47	2
2	96	47	21
1	112	47	2
1	128	47	2
1	144	47	2
2	160	47	21
1	176	47	2
1	192	47	2
1	208	47	2
2	224	47	21
1	240	47	2
1	256	47	2

2	48	62	20
2	64	62	3
2	80	62	20
2	96	62	22
1	112	62	2
1	128	62	2
1	144	62	2
2	160	62	21
2	176	62	20
2	192	62	14
2	208	62	20
2	224	62	33
1	240	62	2
1	256	62	2

1	48	77	2
1	64	77	2
1	80	77	2
2	96	77	21
1	112	77	2
1	128	77	2
1	144	77	2
2	160	77	21
1	176	77	2
1	192	77	2
1	208	77	2
1	224	77	2
1	240	77	2
1	256	77	2

1	48	92	2
1	64	92	2
1	80	92	2
2	96	92	21
2	112	92	20
2	128	92	6
2	144	92	20
2	160	92	22
1	176	92	2
1	192	92	2
1	208	92	43
1	224	92	41
1	240	92	42
1	256	92	2

1	48	107	2
1	64	107	1
1	80	107	1
2	96	107	21
1	112	107	1
1	128	107	2
1	144	107	2
1	160	107	2
1	176	107	43
1	192	107	41
1	208	107	44
1	224	107	5
1	240	107	40
1	240	107	31
1	256	107	2

1	48	122	1
1	64	122	1
1	80	122	30
2	96	122	21
1	112	122	30
2	128	122	33
2	144	122	20
2	160	122	20
2	176	122	32
2	192	122	20
2	208	122	20
2	224	122	4
1	240	122	40
1	256	122	2

1	48	137	1
1	64	137	30
1	80	137	30
2	96	137	21
1	112	137	30
1	128	137	30
1	144	137	1
2	160	137	21
1	176	137	40
1	192	137	1
1	208	137	1
1	224	137	1
1	240	137	40
1	256	137	2

1	48	152	1
1	64	152	30
1	80	152	30
2	96	152	15
2	112	152	20
2	128	152	20
2	144	152	20
2	160	152	16
1	176	152	45
1	192	152	41
1	208	152	41
1	224	152	41
1	240	152	44
1	256	152	2

1	32	167	1
1	48	167	1
1	64	167	1
1	80	167	1
1	96	167	1
1	112	167	1
1	128	167	1
1	144	167	1
1	160	167	1
1	176	167	1
1	192	167	1
1	208	167	1
1	224	167	1
1	240	167	1
1	256	167	1
1	272	167	1



0	64	63	0

#Board
16	0	202	110
